7.01
4.86
4.27
14.39
13.03
13.27
18.43
5.63
17.54
11.75
18.10
7.88
11.44
7.39
15.75
6.66
10.50
5.13
16.39
6.20
13.13
18.72
18.16
18.03
17.37
15.90
14.21
12.16
14.13
12.56
15.94
12.91
18.21
8.22
12.00
13.55
9.94
19.82
14.75
19.41
11.70
6.76
18.72
9.66
5.42
6.64
18.27
17.38
14.45
15.36
15.41
11.23
16.62
7.54
17.37
8.71
13.59
8.63
15.14
6.08
16.05
16.45
11.62
12.34
8.12
13.86
18.48
11.07
8.72
6.08
17.87
8.32
4.02
18.07
17.63
18.04
15.42
18.33
16.58
16.23
16.40
17.80
10.91
18.26
9.93
10.45
10.43
8.19
19.95
15.42
16.02
9.03
4.25
11.14
14.21
14.16
4.12
14.82
18.22
9.72
10.91
6.43
9.43
11.36
15.90
5.63
18.70
6.31
19.44
9.46
9.16
12.99
15.72
14.76
4.80
19.49
10.50
16.38
8.59
5.11
15.58
17.69
17.69
17.40
10.71
17.54
14.18
15.10
8.22
17.07
11.21
11.34
7.87
18.52
7.23
4.02
17.30
13.65
4.93
17.82
19.46
19.01
14.39
10.59
10.64
5.31
13.37
5.66
8.86
16.94
13.07
12.54
19.30
17.83
7.57
13.33
12.60
8.24
16.27
10.99
8.77
11.34
16.38
18.66
13.41
16.94
7.07
18.36
14.96
14.22
15.92
17.27
5.42
13.59
17.87
5.60
17.36
8.02
17.71
13.04
17.76
13.90
8.73
13.22
7.50
7.42
19.02
19.41
13.21
15.79
12.98
18.21
14.54
7.21
17.29
5.49
7.02
11.70
15.50
10.32
